       [ 0.1298518 , -0.13338082, -0.07131477,  0.1276169 ],
       [-0.0061805 , -0.06748615, -0.03874014, -0.11201269],
       [ 0.12498491, -0.13307373, -0.12168508, -0.1914883 ],
       [-0.14607324,  0.12102742,  0.0829192 , -0.00943546],
       [ 0.16990195,  0.12894379,  0.1872745 , -0.15744358],
       [-0.07616671, -0.07283959,  0.07841323,  0.18788673],
       [-0.1477126 ,  0.07666977,  0.04750749, -0.18020096],
       [ 0.01123436,  0.15513204, -0.10231911, -0.06396626],
       [ 0.07399629,  0.1596597 , -0.05832689, -0.04975431],
       [-0.13748398, -0.13585865,  0.01686944, -0.01241499],
       [-0.10957603, -0.08652837, -0.09716614, -0.19643164],
       [ 0.05317707, -0.03666183, -0.09866986, -0.13709924],
       [ 0.15422596,  0.10960744,  0.12087767, -0.1355103 ],
       [-0.04804252,  0.00335285,  0.07405393,  0.08292274],
       [-0.17578731,  0.04167184,  0.19665207, -0.13518864],
       [ 0.01446573,  0.13845186, -0.16196483, -0.14791344],
       [-0.05984759, -0.1270208 , -0.07958221, -0.16041853],
       [ 0.19719674, -0.04180504, -0.02179924,  0.17097215],
       [ 0.15598272,  0.02039547, -0.09890149,  0.107044  ],
       [-0.1633302 ,  0.11430062,  0.1746674 ,  0.00037034],
       [-0.06122115,  0.02191505, -0.00397976, -0.16475669],
       [ 0.13337605,  0.04029231, -0.16418426,  0.14917015],
       [ 0.01838364, -0.08389563,  0.00067459,  0.14950393],
       [-0.14333823, -0.06493282, -0.08735003, -0.01741377],
       [-0.0100456 ,  0.16820602, -0.04295324, -0.05259314],
       [ 0.18173905,  0.12795453, -0.13653773, -0.12796155],
       [-0.1865899 ,  0.13457756,  0.02345063, -0.14839077],
       [-0.14074609,  0.00185531, -0.10621762, -0.12129367],
       [ 0.04530615,  0.09819458,  0.14434011,  0.04034552],
       [ 0.02680193,  0.08891375,  0.19659127, -0.13647592],
       [ 0.07056804, -0.05513792, -0.06484421, -0.0641674 ],
       [-0.1603885 , -0.13948973,  0.09616528, -0.02877022],
       [ 0.17414545, -0.08302666,  0.01079938, -0.10492055],
       [ 0.15095715,  0.05626129,  0.14342298,  0.05998959],
       [ 0.03941087,  0.18791623,  0.1896324 , -0.07024817],
       [-0.14695968,  0.12930436,  0.12560369,  0.06589396],
       [-0.05826367, -0.09889228,  0.08463891,  0.04864544],
       [ 0.00124574,  0.02384931,  0.18035187,  0.03031521],
       [ 0.18345343,  0.02335568, -0.06574258, -0.05458826],
       [-0.12346164, -0.01337174,  0.18634199,  0.14107625],
       [-0.17722493,  0.07343133,  0.0568253 ,  0.17821728],
       [ 0.05928071, -0.19306335,  0.02030364,  0.16276024],
       [ 0.13490938, -0.02172671,  0.15733309, -0.06296495],
       [-0.11973288, -0.18781208,  0.09022461, -0.09395885],
       [ 0.177301  , -0.16415589, -0.1629957 ,  0.01098616],
       [ 0.12998666,  0.08657469, -0.03406219, -0.01461819],
       [-0.12752615, -0.04064514, -0.14352638, -0.05400531],
       [ 0.05000548, -0.10508094, -0.04487631, -0.10314937],
       [-0.18673773, -0.15318795, -0.18183419,  0.09587286],
       [-0.06588347,  0.08353056,  0.1209635 , -0.06438537],
       [-0.1891041 ,  0.14720325, -0.19212602, -0.1964332 ],
       [ 0.1241013 ,  0.00721273, -0.04692185, -0.15504888],
       [-0.0404229 , -0.13220991, -0.05556364,  0.06710164],
       [ 0.14678009,  0.19354068,  0.12120707,  0.08168848],
       [ 0.09812699, -0.06979661, -0.14171337,  0.11000533],
       [-0.10690453, -0.04106766,  0.15789579, -0.08026125],
       [-0.06222138, -0.09326991,  0.02833878, -0.18890008],
       [ 0.0463212 , -0.06033273, -0.03008598, -0.00129248],
       [-0.13090171,  0.1706581 ,  0.16006495, -0.1740157 ],
       [-0.16096753,  0.0802138 ,  0.06672864, -0.03978287],
       [ 0.1700048 ,  0.19142039, -0.0964448 , -0.10356669],
       [-0.016932  , -0.09632012, -0.02953796,  0.16188999],
       [ 0.03887999, -0.10192313,  0.07285891, -0.04112312],
       [-0.04918279, -0.11884464, -0.08640425,  0.03654811],
       [ 0.11668135, -0.12216222, -0.14651161, -0.07387429],
       [ 0.11088844,  0.00750843, -0.18336222,  0.02174309],
       [ 0.01041482,  0.1020584 ,  0.15671505, -0.04775409],
       [ 0.06433751, -0.1840674 , -0.1768332 , -0.157449  ],
       [ 0.08401503,  0.04144342, -0.12259546,  0.08336873],
       [ 0.0743766 , -0.1064458 ,  0.00772178,  0.18571343],
       [ 0.15483321, -0.09285886, -0.1044969 ,  0.08152921],
       [-0.12682408, -0.1872525 ,  0.03048556,  0.1645463 ],
       [ 0.14654963,  0.18451221, -0.15596417, -0.14625576],
       [ 0.02519877, -0.14687535, -0.02726953,  0.18255816],
       [-0.10131317, -0.14838713, -0.06434841, -0.14528354],
       [-0.18101498, -0.06362136,  0.1330385 , -0.01261489],
       [ 0.16401593,  0.13061942,  0.07550009, -0.08737525],
       [-0.05486663, -0.06848185,  0.17152615, -0.07465696],
       [-0.13614948,  0.05419166,  0.1769201 , -0.0940419 ],
       [-0.0883742 ,  0.13092579,  0.19387676,  0.08126153],
       [-0.06593205,  0.00350398, -0.12325381, -0.12270311],
       [ 0.13672002, -0.13301207, -0.05460487, -0.11976654],
       [ 0.14317374, -0.02002238, -0.06090231, -0.09983179],
       [-0.1412721 , -0.02631287, -0.09159159, -0.15951116],
       [ 0.09915511, -0.10474487, -0.09736576,  0.1739981 ],
       [ 0.15297566,  0.00704654, -0.03495723, -0.04854271],
       [-0.05727491, -0.06113432,  0.17488034, -0.07934024],
       [ 0.18881844, -0.02249545,  0.19783513, -0.02673984],
       [-0.04914005,  0.18004368, -0.05657473,  0.12531738],
       [-0.16454124,  0.12166412, -0.07997758,  0.17379414],
       [ 0.159265  ,  0.10262193, -0.0559561 ,  0.10906769],
       [-0.01747283,  0.06782778,  0.02836777, -0.06752236],
       [-0.0266761 , -0.02131978, -0.13882369,  0.02550048],
       [ 0.02536856,  0.07487626, -0.0529293 ,  0.08117153],
       [ 0.01403537, -0.10289158, -0.14952509, -0.06807794],
       [-0.01829544,  0.05802448,  0.18965508,  0.03944151],
       [-0.03932211,  0.03131802, -0.11058721,  0.15145774],
       [-0.07498405, -0.07490851, -0.14827445, -0.15140189],
       [-0.08450115, -0.01071699,  0.16348289,  0.06402226]]

       [array([[-0.57886136, -0.66827786, -0.5034542 , -0.11950904],
       [ 0.65295583,  0.6856112 , -0.13894713, -0.8612954 ],
       [-0.19927466, -0.3945011 ,  0.3077721 , -0.8653236 ],
       [ 0.83153826,  0.6920679 ,  0.56801134,  0.8276505 ]],
      dtype=float32), array([ 0.5085673 ,  0.2609574 , -0.07796301, -0.640787  ], dtype=float32)]
